3.613446899587822395e-03
5.185520515790512791e-02
1.117226669837600474e-02
2.065714957751426176e-02
5.992068831807514928e-02
9.794197745635039101e-03
4.592085725129269047e-02
9.214392689039574424e-02
1.793975092838155302e-02
9.095692247556988463e-02
7.571491612794943593e-02
2.026745954467959465e-02
2.940031852943273960e-01
1.469655077111428898e-01
2.562375379225268618e-02
9.745122339342082371e-03
4.314429788054167936e-02
3.867714779485811882e-02
1.597989970461724529e-01
8.530804193222889242e-02
3.541815881322513127e-02
1.985268825690557262e-03
1.287927002932563458e-01
1.756170144316487880e-02
4.545388413035546527e-01
3.567298515885820170e-02
2.333875338456117277e-01
1.979428766903147119e-01
8.985898033290849740e-02
3.200078120924058390e-03
1.367449724887005169e-01
3.794513593640644333e-02
9.511202750660775751e-02
1.803824585506891842e-01
8.857832509220447958e-02
6.642573667262068049e-02
2.382109608127428065e-03
3.262295775800173186e-02
1.147180507412354084e-01
2.070662524760396583e-01
3.698786912357122925e-02
2.839388239353032861e-01
4.694204979033497066e-02
1.832146010382563681e-02
3.599230825557304253e-02
2.752872780181541898e-02
1.365862258405238228e-01
2.322285956676898785e-02
1.334064627637751299e-01
5.196570728300027586e-02
2.289796916735925558e-01
5.952811095112994777e-02
5.234070519618443801e-02
7.199930816744821993e-02
8.114139083645936779e-02
2.345307559474401615e-01
1.267575413303221876e-01
9.880474433834818965e-03
6.254001027217565012e-01
2.459007281226357772e-03
1.153391592307758534e-02
5.191322886508508913e-03
1.797611210118462560e-02
3.471378034510737981e-02
8.349422044451310088e-02
5.083810666055920552e-02
2.722208502150566534e-02
1.510179306339861083e-01
3.524088903250663374e-02
1.091096272088546426e-01
2.929960614659426685e-02
6.036536974365219743e-02
3.556579376041076740e-02
1.499602942024291265e-02
5.910551918926740950e-02
2.312033213006577936e-01
6.261154436286224534e-02
9.935369703771693151e-02
6.683806900493070857e-02
6.193114119619710922e-02
1.953100699914694371e-01
1.190265653102081933e-01
7.806495756519728213e-02
6.300878930970531255e-02
1.936762103322600126e-01
2.783952858179282175e-01
7.726849027501105603e-03
4.334312716897890244e-02
3.605561267994766145e-02
1.116952418410752101e-02
2.231676818679511481e-02
5.833870916186609246e-02
6.582536664089627676e-02
2.416898180843103094e-01
4.434073496703647838e-02
1.636095618295507412e-02
7.876741383784356329e-03
2.050502460357003093e-02
1.601212038967751369e-02
1.220427702427507449e-01
3.088397110010858426e-02
8.029146665609386210e-03
3.494494641283041325e-01
1.619053326312969721e-01
2.817883648678856656e-02
3.374107264497683972e-02
1.010588200597577480e-01
4.159494939191650358e-03
6.696642159889047707e-02
2.359040120833960294e-02
2.044632556149152125e-01
5.155427619341330578e-03
8.301039622327351097e-02
6.703374022717725061e-03
9.493896446443973736e-02
1.296839462251769548e-01
3.982559120849093331e-02
1.939673859877830142e-02
4.086151456671961724e-02
7.409828474082118255e-02
5.032999226485566219e-02
1.132631159925042152e-01
6.954244556200399330e-02
2.405141257621937895e-02
2.308313380228078915e-01
5.116767774392778911e-02
5.666326926069139083e-03
2.882763557617566419e-01
2.600381543175835173e-03
2.516561894251839182e-01
2.563559697807120674e-01
1.262214097002885560e-01
1.092016268331056916e-01
1.824909838208108037e-01
3.445135548123667152e-02
1.306899045677859666e-02
4.607339288757433989e-03
2.076504224741852755e-01
4.467173700436588568e-02
3.190927643350637694e-02
1.595627690503892970e-01
2.409412013635575112e-01
2.851052930985398248e-02
6.857721327721759408e-02
1.022816952752888114e-01
2.231089117360508800e-02
3.433138849584132374e-02
1.469153125583430412e-02
4.313467343197079779e-03
1.902778650112225620e-02
4.593692983239673899e-01
5.648292634317347849e-03
3.043046719087498797e-01
1.457563024613351410e-01
6.247516619878948352e-03
2.155170968839456302e-01
8.859134309949612263e-02
1.149809938045475051e-02
1.679555368856386899e-01
2.754464838172598351e-01
1.763096233038972602e-02
1.236558194460589122e-01
1.020962350021854120e-01
1.380160352623693298e-01
3.996437539621902624e-02
1.201342008730012581e-02
4.066987506406039010e-02
4.018549672010113816e-01
5.796787978293729826e-02
8.772092010953928820e-02
4.196005689719740570e-03
1.056548918190987891e-05
2.947269492451496525e-02
1.284073875160285649e-01
5.295727984862033666e-02
7.835057604539982790e-02
4.353122604333740930e-02
5.226826457831054706e-02
3.371178770909515759e-02
3.885664979414524267e-02
2.547841394237639057e-02
4.972091255011910904e-02
1.135721687883581715e-01
1.133055745899301664e-01
4.970438327410412784e-03
1.951147428203384854e-02
2.577241783880103443e-02
8.087945381896377572e-02
4.081247996926071209e-02
5.999877723252740325e-02
6.263040323017532440e-02
1.298247686331860939e-01
2.223177740723034090e-02
6.630632489651788752e-03
4.932670213094409589e-02
6.049055069059964262e-01
1.118041440208440290e-01
5.755972052233482988e-03
2.448795250724965511e-01
5.749991226937406497e-02
1.943439158385378562e-01
1.095711825554012003e-01
8.060803820543151199e-02
4.631505567024649106e-02
1.163941680974778931e-01
7.053042139095283547e-02
1.285937538456497289e-03
1.823444648924863951e-02
1.412960404491558353e-01
3.785150858574274496e-02
5.541578382574398332e-02
7.275434789865665997e-02
3.825974754974835468e-02
6.792045487536538251e-02
3.252399938696606818e-02
1.919075824010452180e-02
4.519767961370724924e-02
8.904750999397853528e-02
1.327409733143578019e-02
2.662914672461663135e-01
1.083016606350253180e-01
2.056165920256477764e-01
3.433887120017662525e-02
1.433602379639929919e-03
6.239910132637364187e-02
2.868266156796928784e-02
1.892756405637013306e-01
1.357782745526603385e-01
1.111435211357046371e-01
1.171808444211073497e-01
1.439851278534080015e-01
6.388435890737735341e-04
3.315387814671762468e-01
1.305977796456936693e-02
3.971389833216118492e-02
1.362641639187557206e-03
3.130170618599767973e-01
2.414548344848546635e-01
1.396782363118343750e-01
1.219447105883767479e-01
6.418309487098265709e-02
2.771346613558527475e-02
4.902490863232854962e-02
3.511229368106687926e-02
5.420128754979279366e-03
6.891739548786596226e-02
2.665287301157791104e-03
4.204507296675293743e-02
7.347264717320529936e-02
1.384627306371929469e-02
2.816041210620533197e-02
2.331247098831781828e-01
1.123413623070316017e-02
5.735751765480151532e-02
2.613104667496744110e-02
2.995477337312359434e-01
2.545763922380329166e-03
1.116112357989608450e-01
1.019770481755719188e-01
5.362106914900214433e-02
1.783561168580977130e-01
1.267049867105373984e-01
1.693698417628347608e-02
6.880128229986792743e-02
1.417550717848322095e-01
5.780884335029046195e-02
8.317487393263267581e-02
2.649605008322773458e-01
2.765768631676308043e-01
1.280555781408286853e-01
2.310549009235791651e-01
1.219611145841074662e-01
1.138376487887992755e-01
2.242200287134243075e-01
9.718524526074241872e-05
7.822404942594481103e-02
9.887739789165880810e-02
1.371362224022334153e-01
5.511378440418948643e-03
6.124552192805832185e-03
6.349662181324010335e-02
3.475110115181221371e-01
7.462885876474521785e-02
1.771013819415539689e-02
1.585133469003908654e-02
2.033505857243376180e-01
9.834275781764773017e-02
4.002370103404754437e-02
1.677566651766154993e-01
4.096157082015550871e-02
9.154105331896970899e-02
1.835556494275766282e-01
5.562186534160978857e-02
2.790111111238055726e-03
9.025010662559803873e-03
2.015227644821583342e-01
5.495639598521732255e-02
9.107138670793633178e-03
1.336567560810212330e-01
4.244039728923829080e-02
1.090777697469297591e-01
3.106538963168770096e-01
2.233109482728147521e-02
7.101972915138677310e-03
1.731319381936600316e-02
9.376799397561026705e-02
3.345555610341877095e-02
2.650427049090000112e-02
2.326181954452608558e-01
9.562902779133294201e-03
9.818076342951767566e-02
1.016657074685107381e-01
1.619170665497340345e-01
2.765075908450215919e-02
2.367351199883924728e-01
5.431231015765958237e-02
3.555243819476503475e-01
4.836732026692239228e-02
7.318839586242173456e-03
2.574659413819332943e-02
1.712098741398714874e-01
8.390972966949314035e-03
7.828692691955260741e-02
5.595978347562117691e-03
2.364869911669901029e-02
4.670212090446560632e-02
1.712427534016599806e-01
1.186768799555694143e-01
1.345694866635300559e-02
2.962009057476297502e-02
2.396473874217163597e-02
1.868959206968631159e-01
1.321551569268926141e-01
1.357507577335515837e-02
8.315456002254451029e-02
2.019354797707006988e-02
3.193689653096528497e-02
3.213302610118125291e-02
5.894044293250803174e-02
2.268814836114984856e-01
3.626713822845062940e-01
1.377985879573736250e-01
4.558376797155125337e-02
3.659632098473681802e-04
3.763960135060080425e-01
1.285080101808303878e-02
1.598696628618808194e-02
8.068658144722080927e-02
6.575515639073905433e-03
3.925661792620854101e-02
1.816796642766854708e-01
7.389055942688120548e-02
3.394825995197875423e-02
7.291976185167096947e-02
1.100152891521404969e-01
1.252013728077192578e-01
1.498697162060170784e-01
9.053680123453328871e-03
1.841398686802659182e-03
1.559375619581276629e-01
4.788679318793213624e-01
1.162780166922100095e-01
1.751740632255240071e-02
3.154756177999350902e-02
2.044844156733604396e-02
4.411638162834933749e-03
6.138655040755634090e-02
3.267982048771378434e-01
1.488103720208246716e-01
8.262425816762469788e-02
1.874354378345029909e-02
2.280234969708597181e-01
1.172218492677853247e-02
5.984638568737457587e-02
1.575047300932398420e-01
8.029802979362943988e-03
4.789020294706198416e-02
4.094363236899122710e-02
9.146355840201248963e-03
1.654295125914938963e-02
3.946838032916575451e-02
7.926548080654952089e-02
2.594729277362184394e-01
6.060219227507177703e-02
4.416763794262649340e-02
2.211366394077021735e-01
1.102547162067693542e-01
9.610804190079001719e-02
1.544883326753071773e-01
2.711386570285329589e-01
1.328694264654761426e-01
1.176665149334336358e-01
1.414644957131322156e-01
2.861526282656784437e-01
4.273268628613829390e-01
1.034037783054481130e-01
1.703503267815668562e-02
1.458590686042006146e-01
1.437479097978667519e-01
1.539533040749668791e-01
5.799183410367197977e-02
6.212746541357298119e-02
1.863775599659414361e-01
1.937194625033899793e-03
4.365007674413305325e-03
4.814547346258210569e-02
1.877689478785805194e-02
2.658667768047282554e-01
8.329630667543497236e-02
8.651308688820437409e-02
3.698930695672865698e-01
2.278592707257175443e-01
6.279952426069307370e-02
1.982884926131426445e-02
5.552147900131153974e-02
2.812387248792392463e-02
3.523779991545245016e-02
4.575435063665900248e-02
1.095030388841590901e-01
1.163254466810550725e-01
9.946774444283162930e-02
8.853023049359588781e-02
1.402522367272392200e-03
4.806076444266423747e-02
8.626089066520804469e-03
1.495533243732963258e-01
1.698081147251363776e-01
8.249513667097611858e-02
1.267196619713571448e-01
5.242934500693561400e-02
5.083102596720386057e-02
2.618755104402893941e-01
9.275426676323102193e-02
4.179940575733434582e-02
4.038913073302865392e-02
6.315573037214335106e-02
3.459643711580797504e-02
1.533337126240769122e-01
7.799364352402188630e-03
1.565900768133494658e-01
2.741441182612699978e-02
4.682110768887206252e-03
9.212564873998119186e-02
4.604826879717845156e-02
1.060115813912006037e-02
1.970060653082535487e-02
1.524063927136574959e-01
3.169344219267105078e-01
2.235707179978253523e-01
5.156116227199128736e-04
3.633259898431256407e-01
1.110196621167583997e-01
6.092911097257690950e-02
6.471427325660560059e-02
4.097817271962222313e-02
1.100750919627855179e-01
8.133999215599124755e-02
1.165420811382065214e-01
1.017516501854704852e-01
1.126379995628632030e-01
1.498425443993003092e-01
5.601670236427912924e-02
9.038824056368613413e-02
3.122774567656402475e-02
6.746423586758422408e-02
1.064344733758626760e-01
4.899993423064871734e-02
4.453937900965817404e-02
1.433865586011535409e-01
3.535541735215301518e-03
9.705157014545684468e-02
5.208319108789854351e-02
5.317603403891249525e-02
3.419360132853230816e-01
6.981679903292748075e-03
1.219320656430354088e-01
6.378219707957383244e-02
1.408185405844566696e-01
2.627205959531886403e-02
3.180712708140100847e-02
7.198517773896136174e-02
9.190788348764855620e-02
5.682607877766863297e-02
3.780714100137114869e-02
3.496926428007437332e-02
6.007857373209048862e-03
4.087430653237175138e-01
6.117657647979002355e-02
1.208440220644038665e-02
4.119555324612005909e-01
5.961738051501890706e-02
1.251403917027311408e-01
3.403072500806796769e-02
3.946721897594752254e-03
9.359144822734301317e-02
8.491419693192321649e-02
1.356575553238578424e-01
9.318329314082959489e-03
8.634302658185931401e-02
1.294345337655695982e-02
1.072365693977554157e-01
1.750869586224932176e-02
5.422187323948719773e-02
1.808699012994285232e-02
2.284808598007764281e-04
6.109740294128146454e-02
1.884319694275149448e-01
2.363016151713072388e-01
8.536522047475775254e-02
1.034989278559805270e-01
1.285487439704882835e-03
1.724544073590246196e-01
7.822687730867904088e-02
1.189695573218086389e-01
5.809862476789406927e-02
1.160942035290099678e-01
1.062956858928156695e-02
2.297144995283555147e-01
6.382295221684673725e-02
4.952967470788941645e-02
5.103562794506935792e-03
5.893654319829255001e-02
2.194430418426476098e-02
4.939143330413319627e-02
4.597991793658161991e-02
5.597626677728059774e-02
2.799765547194555393e-01
1.005078385551660125e-01
1.455842188290540906e-01
4.098101460177780986e-01
1.291482762293642839e-01
9.696173108024496237e-03
1.249545536960523506e-01
4.063263700544691992e-02
9.186886188264900208e-03
1.048067801414661604e-01
4.170474866771084477e-02
2.396830273673984310e-02
7.464801290215579421e-02
4.684371487405016715e-02
2.228995804338729236e-02
1.797967028193239031e-02
1.856654042786128889e-01
7.590219155768432313e-02
3.509552125526515381e-02
7.281675488938459118e-02
8.435718586743949643e-02
6.745232611060923700e-02
1.006633366587102590e-01
5.189315458389137659e-02
8.790470779773269794e-02
5.373091374459579295e-02
1.643735265606559998e-02
1.010569075863245597e-01
1.809539372654850597e-01
5.601349048549541382e-02
4.585521822413521353e-02
9.685332999130397136e-02
2.214344663054154116e-01
2.595647555255607419e-01
1.037230322784899600e-01
2.367943230751460779e-02
1.580506915606542107e-01
1.693622431373074111e-01
2.200637760919370300e-02
9.829831182443364568e-02
5.915481273345002400e-02
2.692498422219691268e-01
1.330546866009908735e-01
3.892166923322832543e-03
4.538867512211591793e-02
6.382354127533471436e-03
6.993079150623502382e-01
1.253814748029301318e-01
1.415267076821507541e-01
1.929559907340749544e-02
5.000501835800452016e-02
1.995997425483509932e-02
2.455383949639501628e-02
1.970399725757722084e-02
4.162082666843591738e-02
7.319566607089555976e-02
1.938258829945235240e-01
8.971542945651575507e-02
6.695579438270655992e-03
7.693632250291822239e-02
3.391853202779016585e-01
7.556849443880692130e-02
1.433903043061392490e-01
2.431522029679132613e-03
3.633830967365677539e-02
6.741036307148762230e-02
1.797410757808991233e-02
8.878845067645639577e-02
1.368627460797341155e-01
1.163847593243031442e-01
3.168568154410642684e-02
3.432170949135425475e-02
4.987007234061972827e-03
3.558491538314225711e-01
1.717263090590678276e-01
1.862966286095645574e-01
1.556476948032610268e-02
1.457326349457069847e-01
3.210503696080475172e-02
2.210134827949790659e-01
7.936929220989258696e-03
8.319106305302596815e-02
6.517836870110410574e-02
1.793932522916328043e-01
1.367219261882931247e-01
1.051300645601795924e-01
2.157006789955440706e-01
3.823648676613787545e-02
8.089687623119840021e-02
3.241994052066753899e-03
6.497312515541120437e-02
4.423532967527344512e-02
9.678273295507570928e-02
9.256105893465121914e-02
1.184839726319725783e-01
1.467421333335249545e-01
3.692344533150579422e-01
4.772885812587861210e-02
7.172699674124494162e-02
2.121923475722812535e-01
9.696026117812056588e-02
2.372748983578662485e-02
4.356602314073141410e-04
2.622892239191367339e-02
5.450546878831383224e-02
2.657173884967202471e-02
6.114396184061894612e-02
2.764262672287896572e-01
9.655907276944192263e-02
2.407138619345776387e-02
3.426509728608109068e-02
3.147884934052622846e-02
2.539716245376073649e-03
2.408370969448188625e-01
2.773206287944848802e-02
5.234646858845975331e-02
4.161015572526027828e-01
7.325769558775074852e-02
1.841570687121598937e-01
3.071986967487434772e-02
8.004408249339953207e-02
1.031658928163095047e-02
3.674616660904051618e-02
4.939559804721593839e-02
1.394965560052219278e-02
1.374165790788724195e-01
1.160706793002017484e-01
9.340252119702346922e-02
9.502094153872406301e-02
1.672861608119327256e-02
6.343264182394407757e-02
3.671045755271218347e-01
1.563251048202958793e-01
1.026701045791196705e-02
1.968658969562116501e-01
2.611767920189613304e-02
1.415180348603844729e-01
1.913779297348790209e-01
1.290114968174335165e-02
4.174494800612420509e-01
4.887049848819193243e-01
1.532151906043760503e-01
1.387805858296012884e-01
1.267661531781784923e-01
1.501482169409353584e-01
1.810436693296669508e-01
4.391492041261513268e-02
3.973206098123407276e-02
9.030658560498716625e-02
1.119002055291435510e-01
6.268495509860431969e-02
2.161203216727724044e-02
1.578751587006666235e-01
4.063527373479092208e-02
6.036363748536652252e-02
1.251584864726471569e-01
4.301426403159098327e-02
1.178472770325963981e-01
1.296454896242232591e-01
5.148116217424028584e-02
1.678073551818483611e-01
2.109058088461929492e-01
4.820682809375806399e-02
4.966227674148432532e-03
4.270422162016024314e-02
1.483317706492033594e-01
8.087622573644344393e-02
1.242311201685630286e-03
1.344067423603586275e-01
2.648291169950036869e-02
1.697933933238355286e-01
6.519223615336744437e-02
9.590984208672316547e-02
1.385055279227936642e-01
1.285534467942979486e-01
4.447740648902941824e-02
5.416362095501071547e-03
5.948929326015955227e-02
2.556346812163598492e-01
2.584032717674132895e-01
3.923463512141170048e-03
6.692413015874240645e-02
8.880179667558781020e-02
3.509811381687404364e-01
1.681148368515599234e-01
2.495285379715552962e-02
3.124003900943017262e-02
6.031400800553800290e-02
9.834646246640356415e-03
1.700842754767561138e-01
1.399394198806196976e-01
2.039012568517953872e-01
4.237517418366497368e-02
3.327785775759157377e-02
1.943207724937920031e-02
1.098386977186631697e-01
1.341914012358020880e-01
7.080822748846522796e-02
3.404338917501571055e-02
4.499779639581590052e-02
1.103340569748936101e-01
2.505309622972791694e-01
2.964283483317524115e-01
1.086240590140281626e-01
2.534449387191140685e-02
6.784252628868381318e-02
2.697608395030750006e-01
1.566739401788672381e-01
2.619303862746153455e-01
1.697109988676758219e-01
9.437112795437206658e-02
5.010286039595168717e-02
8.678490263831844034e-03
3.903332433392419851e-03
1.712236176436742197e-01
7.000357229902831602e-02
2.822661667588443057e-01
5.594318158632710300e-03
3.623255626312518046e-02
3.502112025294818604e-02
1.887841513557680651e-01
2.206929693717104013e-01
1.379705161897519516e-02
1.976478700739582248e-02
1.237483375347114278e-01
2.004395845939206666e-02
2.428240048100818171e-01
3.626403450771673032e-01
2.466462864982744280e-02
2.743840204924474224e-01
8.538399721882776461e-02
4.538237770650943026e-01
1.102075859052428254e-03
8.649519319157827901e-02
1.088030882742000924e-02
2.130692227495222524e-01
7.142496476133417538e-01
1.307269683288405648e-01
1.053172009401359688e-01
5.340994771933370994e-02
5.634273741080857850e-02
1.109140103054982868e-01
1.071960692378296359e-01
6.231641016647011810e-02
2.102287219516289080e-02
2.539614500194815050e-01
2.724589551030023524e-02
1.346817298441914390e-01
2.102062465230246369e-02
1.885091138726252558e-02
3.771615204907811658e-01
8.019404950543856242e-03
1.086146045029910134e-01
6.900941020849730989e-02
1.484097192498741169e-01
4.952337540702787810e-02
4.840187492277803760e-01
8.835271735926028894e-03
3.983422144224453842e-01
8.897385893123274658e-02
3.235778539480729105e-02
1.273535633756348318e-01
1.563412288601999205e-03
7.929523810012679974e-02
6.504579862980178206e-02
1.722681434800251987e-01
2.021023015516939993e-03
2.956736374058144962e-02
7.931293510480828812e-02
1.472551142741797825e-01
1.465885798874704340e-02
1.047444847113342264e-01
2.119878171548426060e-01
3.889772996295356999e-01
2.243517537014295682e-01
2.677686558643221568e-02
2.042438523833155217e-02
1.080226735867167477e-02
1.448233722354009545e-01
2.402140441509809099e-01
2.076453011975049404e-02
3.196309960367336306e-02
1.751184707625012479e-02
2.371173536588341568e-01
3.305663696953039382e-02
8.792613253946204854e-02
1.880316183647633144e-01
1.060273634930242875e-02
2.762485906972838093e-02
2.626601119407929834e-03
3.406046126487256576e-01
4.069904741528242165e-02
1.128993765286150919e-01
1.024482211295940220e-01
6.471660022537735479e-02
6.243861588478014438e-04
5.864618384189154709e-02
1.770201866272523572e-01
7.662370479272097301e-02
9.499812435419474621e-02
5.485600980104043956e-02
8.256611377828908249e-02
1.619104502908434717e-01
5.716887403229869297e-02
1.234200079195162669e-01
2.392322133009192331e-01
8.096317418211862460e-02
6.521759237481634941e-02
4.047261010773038625e-02
2.431128415847854107e-01
1.519545868636000274e-01
2.142285301216158289e-02
8.079250266241964906e-02
3.093994071374127288e-04
2.080808841874821555e-02
7.504301670575752592e-02
2.328816621002184183e-03
2.294339993465231431e-01
1.711969872603979776e-03
2.158423772834174026e-01
2.665167577850154068e-02
1.271871596967929230e-01
1.087330310154054624e-01
1.756680941316215994e-02
2.441442733059441192e-02
5.422734359641143143e-02
1.930241406814429961e-01
2.056453768973764973e-01
8.273957589384683606e-03
5.173757237487164318e-02
2.043318612120293906e-02
6.077505979646333212e-03
1.414656763394341876e-01
1.463926196919058953e-01
1.246520172410794068e-02
1.251073712210243050e-01
1.056296021214014474e-01
1.796312705323224179e-01
1.705589198481980984e-01
1.367215043788907736e-01
6.946097420519961770e-03
1.130880016715288816e-01
2.383991618442972416e-01
1.095636699372826151e-01
9.787248623436032528e-04
1.676152732845375901e-02
1.553198112450689117e-01
1.908257827689140151e-02
6.394104980527771931e-02
2.143718528928573522e-02
2.309172761749918590e-01
8.459528295151147459e-02
6.348079008609042173e-02
5.127250832147342563e-02
6.687701487546741930e-02
1.055417423159092094e-01
1.160358611932647693e-01
8.130066510495904952e-02
2.013301450072741139e-01
6.934076076427381219e-02
3.139681266572923179e-02
4.334045331381912169e-01
2.502804983611873341e-02
2.069560972563361245e-01
1.953079398719045207e-02
2.354625365381382562e-02
9.958521157985922301e-02
2.895839852092644412e-02
5.905198172119825728e-02
1.851277777415811787e-01
4.939556084560683957e-02
1.701804085824388515e-03
2.019326165948862398e-02
7.952038589853162309e-02
4.081557419002175557e-02
4.428558105427514782e-03
8.780534597241976269e-02
6.705843955062112949e-02
6.177520279094749628e-02
6.368770543647495064e-02
5.244419213788206746e-02
3.678883316954170007e-02
7.936578954943315778e-02
2.364744685599934337e-01
5.061939884845203727e-03
4.339478020144698321e-03
3.712257897614524849e-01
5.232242737293371637e-02
6.036811942211973980e-02
2.129725523944199506e-02
1.012201063869846984e-01
1.153744669823571489e-01
2.452346200308743590e-02
3.058352293101433694e-02
3.057476036263339844e-02
4.235084278566567800e-02
2.744209028629349123e-01
5.883594461725099797e-03
5.891727480535421946e-02
1.204660290150041391e-01
1.764805949741660857e-02
5.008632910675823308e-02
2.148006420661381644e-02
2.186697454180973887e-01
5.822646368632533598e-02
4.072339865625513450e-02
7.577238096178204318e-02
2.335852248726099367e-01
5.266788441890029454e-02
9.269118169675199040e-03
1.676537888513746077e-01
2.611180905281855202e-01
8.924397791980021033e-02
6.520601452180408986e-01
2.855651636570635810e-01
4.287557226283834205e-02
1.432217651808068426e-01
2.467664318416816147e-02
2.093937733373801291e-01
4.416510312337950869e-03
2.799388232668438281e-01
1.245646189973076967e-01
7.084852775223153543e-02
1.772814458131053914e-02
6.710580321148566785e-02
5.279209888880044554e-02
5.010955878819821699e-03
6.049327547874493866e-02
8.041326555613492397e-03
1.399309261285211770e-01
2.765869690358863653e-01
4.883296739701989408e-02
2.889452159808904644e-02
2.702475994461012859e-03
1.896683180134527136e-02
9.719694830738455360e-02
5.673573642395132732e-02
8.059952180391826912e-03
1.693842267057079631e-01
5.788922838062676018e-02
8.766989839975199150e-02
4.886505782127715386e-02
1.914344055876725584e-02
1.009439476052084173e-01
3.119246490913448952e-02
2.331387338689382138e-02
4.530835594943508071e-02
5.601874935020971849e-03
1.204431636269792244e-01
5.777131847517086305e-02
2.881823398622846560e-02
1.808111069560324746e-01
4.064190710399853690e-02
2.873476354970297408e-02
3.567041192916944881e-02
5.169685099362086173e-02
4.485212698060198067e-02
1.689156872500014450e-01
8.162393294629005647e-02
1.892034700443660095e-02
2.004245763081365928e-01
1.329153001484313368e-01
9.306596353191477766e-02
4.593544838843450183e-03
1.186864300235874192e-01
5.542870181548253256e-02
1.684925895364262557e-02
1.310929392261728221e-01
1.665256415325823414e-01
3.590168733255882927e-02
5.115607974136494873e-02
7.645473484790775431e-02
1.421722106277761577e-01
8.934135745206987431e-03
