#ex	Sx	
0	-29.48976
2.5164936854652E-4	11.7796283840872
5.03298737093041E-4	45.1952976506456
7.54948105639372E-4	49.495215031653
0.00100659747418589	42.2830189989765
0.00125824684273241	8.39627801145883
0.00150989621127893	-14.9703958119621
0.00176021410168495	55.3105636596187
0.00201186347023147	50.113480322398
0.00226351283877799	68.4330850444656
0.00251516220732451	1.04052569276414
0.00276681157587084	-29.2324317858972
0.00301846094441736	39.2371370116006
0.00327011031296388	15.4971650774774
0.0035217596815104	41.0067497627649
0.00377340905005692	31.6183238730225
0.00402505841860345	64.4817377012023
0.00427670778714997	29.425150822175
0.0045283571556963	56.4349966953239
0.00478000652424282	66.1917054446446
0.00503165589278934	84.3842221292984
0.00528330526133586	64.1342970527042
0.00553495462988238	17.6867196662124
0.0057866039984289	8.13290149658074
0.00603825336697542	71.8241717207333
0.00628990273552175	54.1055783102847
0.00654155210406827	133.931108835378
0.00679320147261479	44.7249405405434
0.00704485084116131	125.128779002674
0.00729516873156733	83.6289890177075
0.00754681810011385	59.9909515875781
0.00779846746866037	63.1652438835513
0.00805011683720689	53.3057398753294
0.00830176620575322	106.065299771458
0.00855341557429974	44.917078689686
0.00880506494284626	29.3249550027426
0.00905671431139278	38.6533693793094
0.0093083636799393	79.2366880926789
0.00956001304848582	81.5432698622676
0.00981166241703215	49.5697232235053
0.0100633117855787	112.988818441033
0.0103149611541252	98.4813516631601
0.0105666105226717	131.802079883606
0.0108182598912182	58.7807827592345
0.0110699092597648	80.8508618648309
0.0113215586283113	54.0698122307717
0.0115732079968576	107.105407949948
0.0118248573654041	122.227116109879
0.0120765067339506	76.0335649161192
0.0123281561024972	57.1990216982966
0.0125798054710437	117.085160625522
0.0128301233614497	121.911929686706
0.0130817727299962	90.23021140325
0.0133334220985427	103.016180177177
0.0135850714670891	75.3143938305953
0.0138367208356356	111.568127085613
0.0140883702041821	110.347003373033
0.0143400195727286	110.81023259711
0.0145916689412752	122.961535258353
0.0148433183098217	121.973229742014
0.0150949676783682	134.242950226038
0.0153466170469145	126.600107385021
0.0155982664154611	120.670177255677
0.0158499157840076	96.0067519096865
0.0161015651525541	70.5697015147201
0.0163532145211006	117.093177748809
0.0166048638896471	133.495843146748
0.0168565132581937	161.221141802961
0.01710816262674	131.783605030189
0.0173598119952865	150.450575954101
0.017611461363833	109.865424348669
0.0178631107323795	171.200107708156
0.0181147601009261	128.126906279963
0.0183664094694726	122.188080151985
0.0186167273598786	84.2766301429149
0.0188683767284251	139.851697810697
0.0191200260969715	90.8836470928417
0.019371675465518	153.445701744208
0.0196233248340645	167.503086569715
0.019874974202611	163.554996183722
0.0201266235711575	104.035052070505
0.0203782729397041	147.658806783849
0.0206299223082504	181.461734939786
0.0208815716767969	116.44747449374
0.0211332210453434	123.577866839318
0.02138487041389	135.954284550276
0.0216365197824365	141.888679057609
0.021888169150983	148.134100417192
0.0221398185195295	147.513401996935
0.0223914678880758	142.374027977623
0.0226431172566224	109.572491893775
0.0228947666251689	117.770137642804
0.0231464159937154	165.917813256934
0.0233980653622619	137.274739211222
0.0236497147308084	162.401800833733
0.023901364099355	165.014800191218
0.024151681989761	164.255033377749
0.0244033313583073	137.727658821774
0.0246549807268538	190.05311948471
0.0249066300954004	151.527356398606
0.0251582794639469	190.569557456292
0.0254099288324934	198.775855793889
0.0256615782010399	170.898850558517
0.0259132275695864	157.547044750416
0.0261648769381328	181.392302483799
0.0264165263066793	187.018727575624
0.0266681756752258	163.380605482812
0.0269198250437723	193.306157928012
0.0271714744123189	156.27548711341
0.0274231237808654	183.597261766786
0.0276747731494119	159.232871275662
0.0279264225179582	197.358237069794
0.0281780718865047	155.888251139298
0.0284297212550513	188.588912682128
0.0286813706235978	143.341865507948
0.0289330199921443	242.555034782026
0.0291846693606908	225.233307545857
0.0294363187292372	224.230023875977
0.0296866366196434	199.478272673254
0.0299382859881897	182.011989616633
0.0301899353567362	203.37494958373
0.0304415847252827	210.40730030333
0.0306932340938293	202.428666823603
0.0309448834623758	238.728445356684
0.0311965328309223	217.441466333187
0.0314481821994686	187.76453624755
0.0316998315680151	253.831648974793
0.0319514809365617	209.202413415543
0.0322031303051082	234.529399311493
0.0324547796736547	213.431535925771
0.0327064290422012	207.90654708578
0.0329580784107478	193.909503278717
0.0332097277792941	196.2293019944
0.0334613771478406	216.939977411526
0.0337130265163871	230.194136621798
0.0339646758849336	250.769189784166
0.0342163252534802	220.784385159826
0.0344679746220267	198.542547202945
0.0347196239905732	204.304455273311
0.0349712733591195	186.10854856223
0.035222922727666	157.985499517954
0.0354732406180721	233.606004480019
0.0357248899866186	220.32339709933
0.0359765393551651	247.055359143149
0.0362281887237116	226.318597596391
0.0364798380922582	204.647180558689
0.0367314874608047	191.676291250526
0.036983136829351	191.721935261294
0.0372347861978975	232.331999093137
0.037486435566444	200.933226165006
0.0377380849349906	224.189251032801
0.0379897343035371	209.857364129433
0.0382413836720836	200.832410267825
0.0384930330406301	229.5001461043
0.0387446824091765	231.461448213832
0.038996331777723	201.606562352178
0.0392479811462695	198.924550808659
0.039499630514816	211.276218382227
0.0397512798833625	271.955143437789
0.0400029292519091	205.267558434288
0.0402545786204554	223.17631451958
0.0405062279890019	207.388535135775
0.0407578773575484	196.34474650703
0.0410081952479544	242.120554011121
0.041259844616501	204.826947620643
0.0415114939850475	252.774711780837
0.041763143353594	213.726486945956
0.0420147927221405	218.08337950676
0.0422664420906869	224.55492917198
0.0425180914592334	261.533922919983
0.0427697408277799	266.537582195593
0.0430213901963264	247.088936333346
0.0432730395648729	249.636775976632
0.0435246889334195	243.421675375481
0.043776338301966	206.476053971579
0.0440279876705123	241.317787123938
0.0442796370390588	252.080562845992
0.0445312864076054	285.408292627402
0.0447829357761519	230.86785710249
0.0450345851446984	246.245417847387
0.0452862345132449	211.756574900815
0.0455378838817914	257.893757882291
0.0457895332503378	236.443081781297
0.0460411826188843	230.078803983025
0.0462928319874308	273.239053484351
0.0465431498778368	248.365677507365
0.0467947992463833	254.298954346642
0.0470464486149299	256.970290272147
0.0472980979834764	278.577513589531
0.0475497473520229	242.684649784984
0.0478013967205692	267.902891478262
0.0480530460891158	279.415628008663
0.0483046954576623	263.509377610682
0.0485563448262088	264.834219565341
0.0488079941947553	279.291581234821
0.0490596435633018	313.516244830767
0.0493112929318484	275.800598775752
0.0495629423003947	292.718976715863
0.0498145916689412	257.550371173814
0.0500662410374877	266.203813951018
0.0503178904060343	212.694076306157
0.0505695397745808	206.432679859889
0.0508211891431273	236.794508750759
0.0510728385116736	249.516508501791
0.0513244878802201	292.59946225673
0.0515761372487667	313.863834227224
0.0518277866173132	290.173808904954
0.0520794359858597	259.05001113741
0.0523297538762657	274.664058136546
0.0525814032448122	283.079422687481
0.0528330526133588	263.175333304692
0.0530847019819051	261.665735967632
0.0533363513504516	237.695429454506
0.0535880007189981	263.371370703834
0.0538396500875447	281.823801002574
0.0540912994560912	252.238859765118
0.0543429488246377	251.1460456284
0.0545945981931842	216.2096274208
0.0548462475617306	241.725596427132
0.0550978969302771	276.816797434355
0.0553495462988236	263.996711296391
0.0556011956673701	279.043827361075
0.0558528450359166	295.173125385371
0.0561044944044632	262.092984904694
0.0563561437730097	284.467497220228
0.056607793141556	250.950516697039
0.0568594425101025	294.712647002161
0.057111091878649	258.847151300004
0.0573627412471956	260.976219203916
0.0576143906157421	237.40901708157
0.0578647085061481	215.745580809944
0.0581163578746946	260.148369156249
0.0583680072432411	318.113628408578
0.0586196566117875	275.283222919222
0.058871305980334	286.216649583516
0.0591229553488805	286.255228467127
0.059374604717427	256.947402323402
0.0596262540859736	230.026253252434
0.0598779034545201	269.356004333502
0.0601295528230666	279.06906884118
0.0603812021916129	302.663619191635
0.0606328515601594	312.482515753181
0.060884500928706	270.77732205039
0.0611361502972525	301.318408456928
0.061387799665799	286.836089740658
0.0616394490343455	241.243432366081
0.0618910984028919	265.496890053498
0.0621427477714384	244.489175047344
0.0623943971399849	273.674168368339
0.0626460465085314	252.171542019933
0.0628976958770779	250.106327944403
0.0631493452456245	294.787844214194
0.0633996631360305	268.442981691731
0.063651312504577	302.778017280359
0.0639029618731233	283.13075328781
0.0641546112416699	220.938118042856
0.0644062606102164	311.76690199447
0.0646579099787629	254.720757656191
0.0649095593473094	242.2503210217
0.0651612087158559	281.095075907992
0.0654128580844025	284.875286230444
0.0656645074529488	259.369008430108
0.0659161568214953	280.255900024756
0.0661678061900418	253.104485891406
0.0664194555585883	247.096930586916
0.0666711049271349	288.945957105561
0.0669227542956814	271.109421079966
0.0671744036642279	312.417997224108
0.0674260530327742	311.35265358235
0.0676777024013208	280.945049567926
0.0679293517698673	266.344813872979
0.0681810011384138	304.614661051119
0.0684326505069603	303.988823212728
0.0686842998755068	250.682328344367
0.0689359492440532	281.903639468598
0.0691862671344594	326.263535940052
0.0694379165030057	258.720273512012
0.0696895658715522	280.558738426518
0.0699412152400987	267.024884937103
0.0701928646086453	247.516192259017
0.0704445139771918	245.742675984797
0.0706961633457383	274.838908270152
0.0709478127142848	301.565511887431
0.0711994620828312	306.579816677262
0.0714511114513777	319.556986674595
0.0717027608199242	296.883164847322
0.0719544101884707	258.428021140238
0.0722060595570172	280.052067474106
0.0724577089255638	210.04190235145
0.0727093582941101	279.120255050275
0.0729610076626566	261.011371947484
0.0732126570312031	293.252440693805
0.0734643063997497	295.157219835352
0.0737159557682962	271.394362531283
0.0739676051368427	281.217778660472
0.0742192545053892	237.271216917017
0.0744709038739356	245.932714222687
0.0747212217643416	299.381686706303
0.0749728711328881	257.709205584339
0.0752245205014346	291.077653130555
0.0754761698699811	286.335388147009
0.0757278192385276	252.04676690464
0.0759794686070742	266.822785146391
0.0762311179756207	303.474564517298
0.076482767344167	287.352187603582
0.0767344167127135	282.234891148172
0.0769860660812601	279.724467492041
0.0772377154498066	282.76671355452
0.0774893648183531	245.187816830951
0.0777410141868996	252.302582034258
0.0779926635554461	265.888927513376
0.0782443129239925	270.871877384302
0.078495962292539	283.12242450133
0.0787476116610855	269.551311454415
0.078999261029632	274.055525850527
0.0792509103981786	254.744890321903
0.0795025597667251	277.864487229257
0.0797542091352714	263.441547311327
0.0800058585038179	250.711376270934
0.0802561763942239	277.800902903122
0.0805078257627705	273.910841031534
0.080759475131317	283.088231320681
0.0810111244998635	272.36661023714
0.08126277386841	270.076081000019
0.0815144232369566	235.301399427135
0.0817660726055031	308.629918206277
0.0820177219740494	265.921057455076
0.0822693713425959	288.21434094391
0.0825210207111424	243.417516364015
0.082772670079689	220.308800613944
0.0830243194482355	234.494002004804
0.083275968816782	249.51679297032
0.0835276181853283	270.624771114895
0.0837792675538749	276.220082240363
0.0840309169224214	276.678660632982
0.0842825662909679	279.991979703534
0.0845342156595144	250.142680873841
0.0847858650280609	250.508739607534
0.0850375143966075	269.150880423785
0.0852891637651538	290.87924221664
0.0855408131337003	251.179535439975
0.0857924625022468	264.999176495777
0.0860427803926528	292.721055735911
0.0862944297611994	251.05898410334
0.0865460791297459	228.907822703008
0.0867977284982924	267.572669137336
0.0870493778668389	265.651304037697
0.0873010272353853	295.404774847519
0.0875526766039318	281.979491624756
0.0878043259724783	265.2510739584
0.0880559753410248	250.554252197496
0.0883076247095713	262.244785098389
0.0885592740781179	301.344881228399
0.0888109234466644	237.536593187352
0.0890625728152107	278.917320574541
0.0893142221837572	292.651399227331
0.0895658715523038	267.743120209063
0.0898175209208503	227.301517228179
0.0900691702893968	251.355682751366
0.0903208196579433	272.67322339122
0.0905724690264896	254.069064149995
0.0908241183950362	266.459805061964
0.0910757677635827	263.543297618597
0.0913274171321292	325.867813499512
0.0915777350225352	207.782362108989
0.0918293843910817	221.533273995805
0.0920810337596283	282.979298582048
0.0923326831281748	224.436813002912
0.0925843324967213	266.362562370092
0.0928359818652676	243.190508077268
0.0930876312338142	248.766264720701
0.0933392806023607	255.916355340324
0.0935909299709072	256.27622882304
0.0938425793394537	289.351687989871
0.0940942287080002	267.782260296854
0.0943458780765466	231.766850625374
0.0945975274450931	268.361034896507
0.0948491768136396	262.83431246759
0.0951008261821861	285.020901340239
0.0953524755507326	297.547639390522
0.0956041249192792	208.208453830764
0.0958557742878257	216.234669738415
0.096107423656372	217.829139501079
0.0963590730249185	231.992071201663
0.0966107223934651	245.725770446078
0.0968623717620116	288.964264621398
0.0971126896524176	273.190171966975
0.0973643390209641	232.021925971175
0.0976159883895106	247.413223955689
0.0978676377580572	240.140005846838
0.0981192871266035	303.864356410885
0.09837093649515	279.502246397883
0.0986225858636965	247.7241807668
0.098874235232243	247.187342842468
0.0991258846007896	241.410091589957
0.0993775339693361	226.463453086054
0.0996291833378826	232.49381569701
0.0998808327064289	268.176380703698
0.100132482074975	266.066973806138
0.100384131443522	275.954851248358
0.100635780812069	281.559296317107
0.100887430180615	297.442420463113
0.101139079549162	281.457463089248
0.101390728917708	231.157775629225
0.101642378286254	276.859937771317
0.101894027654801	209.355936067354
0.102145677023347	250.03292932705
0.102397326391894	236.736872237036
0.10264897576044	227.691479271602
0.102899293650847	166.24881218008
0.103150943019393	216.432961308815
0.10340259238794	218.22045909269
0.103654241756486	258.222621446435
0.103905891125032	276.87692713962
0.104157540493579	227.384060351693
0.104409189862125	248.629889656513
0.104660839230672	199.668895314073
0.104912488599218	245.101883680289
0.105164137967765	241.697608940606
0.105415787336311	272.728227434566
0.105667436704858	228.161173596249
0.105919086073404	245.67481556854
0.106170735441951	252.118031287177
0.106422384810497	237.599618486472
0.106674034179044	233.072592119171
0.10692568354759	236.935810508475
0.107177332916137	279.532981616899
0.107428982284683	268.693197336643
0.10768063165323	252.965376616682
0.107932281021776	216.035926917381
0.108183930390323	216.48895377036
0.108434248280729	196.833335242695
0.108685897649275	224.094732720883
0.108937547017822	252.57087362251
0.109189196386368	243.994429845055
0.109440845754915	240.064352736574
0.109692495123461	233.264477976744
0.109944144492008	202.381378886184
0.110195793860554	232.562371876758
0.110447443229101	211.923525633451
0.110699092597647	271.326425265842
0.110950741966194	222.936912269945
0.11120239133474	196.532643382867
0.111454040703287	156.880644527175
0.111705690071833	178.147070280634
0.11195733944038	225.349735809736
0.112208988808926	233.601437503268
0.112460638177473	245.483126168608
0.112712287546019	245.380042722719
0.112963936914566	201.294435379894
0.113215586283112	207.268997446378
0.113467235651659	193.679854796096
0.113718885020205	210.560150069716
0.113969202910611	186.070836046082
0.114220852279158	230.795122350581
0.114472501647704	210.453134519394
0.114724151016251	166.363951542164
0.114975800384797	212.485766573376
0.115227449753344	232.834714725679
0.11547909912189	221.929693734658
0.115730748490437	217.089552951926
0.115982397858983	220.698554318103
0.11623404722753	191.779214670059
0.116485696596076	197.704646377988
0.116737345964623	188.472216713478
0.116988995333169	198.817865588011
0.117240644701716	219.332599546006
0.117492294070262	196.425631494958
0.117743943438808	219.005549124672
0.117995592807355	282.505796141544
0.118247242175902	210.17391008912
0.118498891544448	226.210150401141
0.118750540912995	191.203615708136
0.119002190281541	216.96890763341
0.119253839650088	215.769184707086
0.119505489018634	230.927341785225
0.11975580690904	231.74657736456
0.120007456277586	231.550650577518
0.120259105646133	221.150760659386
0.12051075501468	241.750999879159
0.120762404383226	189.011606274537
0.121014053751773	195.651046209999
0.121265703120319	229.566000350407
0.121517352488865	178.96002012063
0.121769001857412	191.255722812567
0.122020651225958	208.939744278024
0.122272300594505	184.237942875002
0.122523949963051	200.371379520141
0.122775599331598	165.049328206967
0.123027248700144	179.621210785132
0.123278898068691	216.915794744107
0.123530547437237	196.727272450805
0.123782196805784	221.748390092569
0.12403384617433	208.959462745261
0.124285495542877	200.514072630582
0.124537144911423	167.35234314074
0.12478879427997	189.81911736022
0.125040443648516	163.165379753724
0.125290761538922	195.238036011774
0.125542410907469	217.208587889498
0.125794060276015	177.620234380932
0.126045709644562	241.547268340828
0.126297359013108	234.69071716217
0.126549008381655	216.659767949552
0.126800657750201	184.692754401694
0.127052307118748	208.856964806508
0.127303956487294	206.247925271608
0.127555605855841	155.585225936638
0.127807255224387	198.05917643242
0.128058904592934	203.643314400531
0.12831055396148	159.925475844524
0.128562203330027	206.59887209272
0.128813852698573	163.788317318255
0.12906550206712	177.946074334182
0.129317151435666	183.208172976767
0.129568800804213	211.013790770041
0.129820450172759	208.623701657443
0.130072099541306	205.731889519933
0.130323748909852	189.723229652946
0.130575398278399	204.90029142025
0.130825716168805	238.582962509207
0.131077365537351	199.828864274499
0.131329014905898	205.286539976374
0.131580664274444	202.396517923569
0.131832313642991	162.880298552903
0.132083963011537	151.089681516379
0.132335612380084	187.597861226416
0.13258726174863	219.610460622072
0.132838911117177	207.493967658377
0.133090560485723	182.165270358198
0.13334220985427	162.920954750365
0.133593859222816	166.381529398611
0.133845508591363	194.159645048771
0.134097157959909	182.141002187132
0.134348807328456	152.13449618845
0.134600456697002	199.202986668604
0.134852106065549	183.80632838553
0.135103755434095	167.48213713094
0.135355404802642	174.819190496423
0.135607054171188	159.490268601276
0.135858703539735	172.441573723084
0.136110352908281	173.862093013022
0.136362002276828	188.629869826674
0.136612320167234	183.710458588516
0.13686396953578	201.716033327606
0.137115618904327	137.448237555481
0.137367268272873	151.76506091083
0.13761891764142	155.611105671701
0.137870567009966	193.660639965188
0.138122216378513	154.478559467952
0.138373865747059	203.769078857945
0.138625515115606	240.762127401727
0.138877164484152	196.285273689914
0.139128813852699	192.804998903687
0.139380463221245	207.280832146244
0.139632112589792	176.483636302617
0.139883761958338	193.783551722079
0.140135411326885	202.103966850557
0.140387060695431	152.429626725969
0.140638710063978	194.331589239181
0.140890359432524	156.683432041361
0.14114200880107	157.773493152426
0.141393658169617	111.409492993573
0.141645307538163	173.184281410189
0.14189695690671	148.874724935843
0.142147274797116	237.599778760273
0.142398924165663	164.906290160434
0.142650573534209	161.679259955842
0.142902222902756	204.038926634644
0.143153872271302	165.902779175958
0.143405521639848	175.24132475698
0.143657171008395	224.324887321552
0.143908820376941	151.558089383519
0.144160469745488	150.654217025261
0.144412119114034	176.160707946693
0.144663768482581	183.256924651734
0.144915417851127	175.534401445478
0.145167067219674	133.768402158907
0.14541871658822	123.151079967569
0.145670365956767	166.798233103048
0.145922015325313	129.83742171704
0.14617366469386	206.459728878803
0.146425314062406	172.309473065709
0.146676963430953	168.094747923939
0.146928612799499	158.615013945774
0.147180262168046	186.754415930227
0.147431911536592	163.845783037795
0.147682229426998	185.072121862129
0.147933878795545	184.940623317082
0.148185528164091	159.362260607175
0.148437177532638	198.761503479912
0.148688826901184	190.19775806721
0.148940476269731	158.367400794153
0.149192125638277	150.141552752526
0.149443775006824	165.586904045333
0.14969542437537	145.550025416523
0.149947073743917	157.824124774705
0.150198723112463	198.682021377733
0.15045037248101	169.394572192729
0.150702021849556	186.347172351707
0.150953671218103	136.846880543109
0.151205320586649	125.360124815494
0.151456969955196	150.922179910145
0.151708619323742	170.329410261283
0.151960268692289	157.952940074991
0.152211918060835	156.940233974564
0.152463567429382	188.609210739644
0.152715216797928	193.277647449335
0.152966866166475	191.746748975746
0.153218515535021	170.084171404829
0.153468833425427	137.759166374029
0.153720482793974	179.641367870288
0.15397213216252	120.994084278784
0.154223781531067	164.225362941434
0.154475430899613	132.063220026382
0.15472708026816	162.339765438582
0.154978729636706	144.521238217267
0.155230379005253	136.062823887134
0.155482028373799	173.442477740655
0.155733677742346	122.732715390834
0.155985327110892	170.230621381514
0.156236976479439	150.421093318526
0.156488625847985	122.450054748382
0.156740275216532	194.346816774297
0.156991924585078	170.558675312672
0.157243573953625	131.920076397436
0.157495223322171	165.160222513362
0.157746872690718	139.705015118136
0.157998522059264	179.956665195104
0.158250171427811	161.172853210491
0.158501820796357	133.894158821194
0.158753470164904	148.781131821498
0.15900378805531	155.972327263846
0.159255437423856	183.224815787956
0.159507086792403	177.153655139315
0.159758736160949	115.758162465593
0.160010385529496	158.039996687797
0.160262034898042	169.390309724352
0.160513684266589	146.212230369209
0.160765333635135	177.229903533132
0.161016983003681	181.498180567943
0.161268632372228	161.813397153037
0.161520281740774	149.157529896732
0.161771931109321	153.534270084542
0.162023580477868	177.012563399906
0.162275229846414	147.187676839206
0.162526879214961	163.462314399158
0.162778528583507	124.263117092069
0.163030177952053	127.357846146401
0.1632818273206	124.75102803803
0.163533476689146	172.202535946416
0.163785126057693	122.203187865428
0.164036775426239	154.256250808622
0.164288424794786	168.13164116632
0.164538742685192	150.853959405716
0.164790392053738	178.755642212531
0.165042041422285	166.370873250875
0.165293690790831	121.305326056861
0.165545340159378	125.696879717222
0.165796989527924	138.680413744436
0.166048638896471	155.115995297784
0.166300288265017	160.363522117832
0.166551937633564	196.535117587755
0.16680358700211	186.336963978601
0.167055236370657	175.032523617669
0.167306885739203	136.79281291167
0.16755853510775	141.398939486879
0.167810184476296	118.355733867568
0.168061833844843	133.860207324447
0.168313483213389	127.003636894996
0.168565132581936	127.066787378555
0.168816781950482	164.854019194013
0.169068431319029	162.399375977491
0.169320080687575	152.821263525553
0.169571730056122	147.432303533307
0.169823379424668	160.211347211292
0.170075028793215	79.7468646397455
0.170325346683621	179.884869701094
0.170576996052167	78.2330800476954
0.170828645420714	126.967236295764
0.17108029478926	105.025997187011
0.171331944157807	151.940875812592
0.171583593526353	165.735671473388
0.1718352428949	186.241716816385
0.172086892263446	152.660282630843
0.172338541631993	167.422434370901
0.172590191000539	148.325043459927
0.172841840369086	168.926854514029
0.173093489737632	142.555726167344
0.173345139106179	126.04022952595
0.173596788474725	121.568241667951
0.173848437843272	165.067668995714
0.174100087211818	108.422432894691
0.174351736580365	176.184573519306
0.174603385948911	185.043910684583
0.174855035317458	159.74559848082
0.175106684686004	153.73029160031
0.175358334054551	91.6222973524578
0.175609983423097	151.608989652698
0.175860301313503	117.763813563557
0.17611195068205	121.167259025481
0.176363600050596	158.658437624515
0.176615249419143	143.601445944052
0.176866898787689	147.694577235701
0.177118548156236	113.544677254735
0.177370197524782	157.930778513214
0.177621846893329	134.8654798997
0.177873496261875	193.253624313752
0.178125145630422	105.605393413476
0.178376794998968	143.960526754919
0.178628444367515	141.931641681654
0.178880093736061	157.348191245807
0.179131743104608	130.285415117058
0.179383392473154	150.447604238486
0.179635041841701	179.106875077794
0.179886691210247	172.054132660184
0.180138340578794	132.840022105875
0.18038998994734	149.262373856245
0.180641639315886	114.017048795125
0.180893288684433	166.522134331963
0.181144938052979	127.128970463722
0.181395255943385	161.10113635222
0.181646905311932	112.288824013659
0.181898554680479	127.053693696054
0.182150204049025	119.536345021529
0.182401853417572	160.494086013247
0.182653502786118	122.398574484593
0.182905152154664	142.056509822728
0.183156801523211	175.373270184619
0.183408450891757	150.741760667182
0.183660100260304	135.201151740703
0.183911749628851	177.887740913591
0.184163398997397	123.136418899844
0.184415048365943	131.425468674656
0.18466669773449	113.17679940678
0.184918347103036	111.135246402342
0.185169996471583	107.891440608455
0.185421645840129	158.309098597741
0.185673295208676	167.634819699767
0.185924944577222	157.002048120549
0.186176593945769	165.123056274799
0.186428243314315	193.16749376217
0.186679892682862	139.561666735
0.186931542051408	140.75631220663
0.187181859941814	155.129712252925
0.187433509310361	123.726405299968
0.187685158678907	130.49057622102
0.187936808047454	140.613735434404
0.188188457416	167.485413172824
0.188440106784547	119.241778555462
0.188691756153093	163.641675445163
0.18894340552164	146.713278808555
0.189195054890186	146.722012313548
0.189446704258733	149.86241042364
0.189698353627279	178.863392874013
0.189950002995826	150.323681868008
0.190201652364372	150.390508734205
0.190453301732919	113.996865133457
0.190704951101465	123.333009242786
0.190956600470012	115.246338216101
0.191208249838558	150.548291817711
0.191459899207105	149.667383419511
0.191711548575651	203.910078561832
0.191963197944198	142.287948664973
0.192214847312744	187.189641471491
0.192466496681291	186.252020906745
0.192716814571697	165.51268033452
0.192968463940243	128.463201273435
0.19322011330879	134.127160839476
0.193471762677336	166.522742857371
0.193723412045883	132.376657989165
0.193975061414429	156.822360553426
0.194226710782976	128.804792854442
0.194478360151522	161.709112912507
0.194730009520069	90.4090865199464
0.194981658888615	153.342846624368
0.195233308257162	119.614613080889
0.195484957625708	118.017538424708
0.195736606994255	162.866317718039
0.195988256362801	182.418538694826
0.196239905731348	169.798583184981
0.196491555099894	135.620949310711
0.196743204468441	132.308788508968
0.196994853836987	127.546354841911
0.197246503205534	104.783969806054
0.19749815257408	129.30410113077
0.197749801942627	125.126356314482
0.198001451311173	137.986885151948
0.198251769201579	148.42515776708
0.198503418570126	168.951701508273
0.198755067938672	181.878499492038
0.199006717307219	157.753641538296
0.199258366675765	143.310336954836
0.199510016044312	125.570833252025
0.199761665412858	137.529676621539
0.200013314781405	115.83955221671
0.200264964149951	123.559593714793
0.200516613518497	140.562164962897
0.200768262887044	169.476341803785
0.20101991225559	146.345187423948
0.201271561624137	171.706439361563
0.201523210992684	168.460968768813
0.20177486036123	165.885613164647
0.202026509729777	118.040212830842
0.202278159098323	124.629957552683
0.202529808466869	132.516907802281
0.202781457835416	149.321221896145
0.203033107203962	181.286531868731
0.203284756572509	191.657003007115
0.203536405941056	127.593196554932
0.203788055309602	168.319226414234
0.204038373200008	113.873660155741
0.204290022568554	154.988270181161
0.204541671937101	159.563206455793
0.204793321305647	137.00835098914
0.205044970674194	187.010091959183
0.20529662004274	149.687245943302
0.205548269411287	185.219597443923
0.205799918779834	82.69963076297
0.20605156814838	130.900791160269
0.206303217516926	124.839035993776
0.206554866885473	145.409992936497
0.206806516254019	157.9360435536
0.207058165622566	149.016748138992
0.207309814991112	147.284977719022
0.207561464359659	147.519567128291
0.207813113728205	155.262311357735
0.208064763096752	102.498219590211
0.208316412465298	138.329496979035
0.208568061833845	156.906477314902
0.208819711202391	152.385051212925
0.209071360570938	160.640143741369
0.209323009939484	107.20749605135
0.20957332782989	138.181666653307
0.209824977198437	141.656008607087
0.210076626566983	123.052038505292
0.21032827593553	166.385342442512
0.210579925304076	165.005688364602
0.210831574672623	157.560871578593
0.211083224041169	142.170917601801
0.211334873409716	149.375486087035
0.211586522778262	155.836305390871
0.211838172146809	134.084790143204
0.212089821515355	157.851928242537
0.212341470883902	163.440193233288
0.212593120252448	121.805216663777
0.212844769620995	158.863294759165
0.213096418989541	129.731786731842
0.213348068358088	139.837929749068
0.213599717726634	184.43766534808
0.213851367095181	119.469357969613
0.214103016463727	136.808576156378
0.214354665832274	155.6727505555
0.21460631520082	143.684318056977
0.214857964569367	120.012179523091
0.215108282459773	163.517168688769
0.215359931828319	155.561884608391
0.215611581196866	137.287463978679
0.215863230565412	131.920746158233
0.216114879933959	120.465742415471
0.216366529302505	176.9707404617
0.216618178671052	126.864693725507
0.216869828039598	147.469064180938
0.217121477408145	150.192671927623
0.217373126776691	144.636441230828
0.217624776145238	125.476593286599
0.217876425513784	119.577962505992
0.218128074882331	153.305119918426
0.218379724250877	157.482938249568
0.218631373619424	114.512670595418
0.21888302298797	121.412397010731
0.219134672356517	124.484281997479
0.219386321725063	132.060236912829
0.21963797109361	122.682562622467
0.219889620462156	154.988826865906
0.220141269830702	123.426548587633
0.220392919199249	175.590461765229
0.220644568567795	146.231441370421
0.220894886458202	161.310087326494
0.221146535826748	163.149601895296
0.221398185195295	152.773134792168
0.221649834563841	181.361624353093
0.221901483932388	175.108348962506
0.222153133300934	171.420396154337
0.22240478266948	164.543530358769
0.222656432038027	143.434474762954
0.222908081406573	150.526172921569
0.22315973077512	153.191893776277
0.223411380143667	167.878015832268
0.223663029512213	141.442100510068
0.223914678880759	157.270224216229
0.224166328249306	133.51582523402
0.224417977617852	168.601383279862
0.224669626986399	139.942673389094
0.224921276354945	150.456137048252
0.225172925723492	160.116779446085
0.225424575092038	149.151264387632
0.225676224460585	160.684935449855
0.225927873829131	172.241983482318
0.226179523197678	170.967993422884
0.226429841088084	170.700575381921
0.22668149045663	202.412343399937
0.226933139825177	148.9853061072
0.227184789193723	161.878723673755
0.22743643856227	94.5574197868875
0.227688087930816	143.526656186675
0.227939737299363	148.714460761008
0.228191386667909	141.925933315736
0.228443036036456	154.551089576463
0.228694685405002	135.905850566561
0.228946334773549	157.187837896666
0.229197984142095	119.394171125465
0.229449633510642	150.343183792633
0.229701282879188	146.439407385304
0.229952932247735	172.46560593339
0.230204581616281	217.900934890344
0.230456230984828	127.490926092815
0.230707880353374	144.467564123752
0.230959529721921	137.171216767484
0.231211179090467	165.532289167278
0.231462828459014	133.681137448685
0.23171447782756	166.51497193051
0.231964795717966	155.776292703969
0.232216445086513	148.537730889486
0.232468094455059	155.148062482871
0.232719743823606	146.91574783018
0.232971393192152	182.966323092648
0.233223042560699	123.848693865982
0.233474691929245	151.261623045719
0.233726341297792	143.789757754542
0.233977990666338	135.609932494581
0.234229640034885	123.822471961148
0.234481289403431	131.125919984188
0.234732938771978	165.110717692855
0.234984588140524	155.426097522933
0.235236237509071	149.112090347988
0.235487886877617	122.130794782098
0.235739536246164	142.083580923505
0.23599118561471	98.4590312645436
0.236242834983257	120.598570098842
0.236494484351803	148.556690586245
0.23674613372035	111.852731512758
0.236997783088896	107.569637823572
0.237249432457443	99.4611036038197
0.237501081825989	159.692342290678
0.237751399716395	164.476483022646
0.238003049084942	168.732536493879
0.238254698453488	170.985890223506
0.238506347822035	123.288535735402
0.238757997190581	118.308858577303
0.239009646559128	118.081459213787
0.239261295927674	122.962535555234
0.239512945296221	152.411581193988
0.239764594664767	139.157332070706
0.240016244033313	131.74423360705
0.24026789340186	172.855527343396
0.240519542770407	162.226643665124
0.240771192138953	127.297942312136
0.2410228415075	105.88259409261
0.241274490876046	149.859369424148
0.241526140244593	114.056347698745
0.241777789613139	105.944141300993
0.242029438981685	124.019479303088
0.242281088350232	137.750136229458
0.242532737718778	126.950255059171
0.242784387087325	120.654815499211
0.243036036455872	118.418438001452
0.243286354346278	133.062783103675
0.243538003714824	154.501070684428
0.24378965308337	163.701903950647
0.244041302451917	154.092882869534
0.244292951820463	165.912491336602
0.24454460118901	125.646245681078
0.244796250557556	112.085541720633
0.245047899926103	112.61778076936
0.24529954929465	133.857619915696
0.245551198663196	117.237426821058
0.245802848031742	158.594394615661
0.246054497400289	154.210931081654
0.246306146768835	165.86052320139
0.246557796137382	137.72649094319
0.246809445505928	143.853013755475
0.247061094874475	120.317896465095
0.247312744243021	134.576677696731
0.247564393611568	156.641332119643
0.247816042980114	118.289534643511
0.248067692348661	130.00600490052
0.248319341717207	139.330321684122
0.248570991085754	159.123119769675
0.24882130897616	130.58332735294
0.249072958344706	169.83352544641
0.249324607713253	154.214687702421
0.249576257081799	171.972901535773
0.249827906450346	136.107015608772
0.250079555818892	146.032072179877
0.250331205187439	130.731721425448
0.250582854555985	115.896652810193
0.250834503924532	125.218603011159
0.251086153293078	118.189280598834
0.251337802661625	142.209075311945
0.251589452030171	153.353895102072
